water_use_efficiency_united_states_dollars_per_cubic_meter,level_of_water_stress_freshwater_withdrawal_as_a_proportion_of_available_freshwater_resources,climatic_water_deficit_annual_kg_m2,potential_evapotranspiration_annual_kg_m2,freshwater_abstracted_fresh_surface_water_abstracted_fresh_groundwater_abstracted_mio_m3_y,_agriculture_forestry_and_fishing_isic_01_03_mio_m3_y,_manufacturing_isic_10_33_mio_m3_y,methane_emissions_kt_of_co2_equivalent,nitrous_oxide_emissions_thousand_metric_tons_of_co2_equivalent,rainfall_mm,mintemp_c,maxtemp_c,year,population_total,agricultural_land_sq_km,animals_production_head,cereal_yield_kg_per_hectare,co2_emissions_kt,land_area_equipped_for_irrigation_ha,cereal_crops_production_ton,cereal_crops_yield_hg_ha,harvested_area_of_cereal_crops_ha
-8.661717115677334,43.138978117814986,13.852836842717807,80.71337823965587,-41135.02492864756,54791.079551375005,6186.99169795253,21659.264452067204,-3270.5171673214063,-3.930465741214107,11.835846949738652,30.587691859826123,1960.0,26632891.0,30780.686416265256,17992168.798866153,5314.255765328104,16054.126,3052.246543805342,18739582.996732682,259367.3119500503,2370150.4779917113
-8.169852148529628,63.282343137441785,12.915288684174811,80.71300969516597,-78496.1395254554,54719.20728431619,6338.61601346184,8354.267338105477,1126.4254873627797,-5.012483498103961,11.716748164237174,30.64952820523672,1961.0,27366239.0,25680.0,4868000.0,2905.7,17088.22,2568.0,5770680.0,160804.0,1723824.0
-7.842906825692978,76.9953171388479,16.050307030032855,80.71424192492123,-85393.02526049956,54704.80760721874,1717.4602989768318,8061.764441820793,1269.7696125889197,-3.2163825811322795,11.946019288854245,30.57600889347117,1962.0,28112258.0,25050.0,4997000.0,3259.6,18595.357,2505.0,7799279.0,171597.0,1975708.0
-7.587146250205649,80.27231619582744,17.16954471295685,80.71468175258633,-80847.69718595542,54703.26420158602,1716.381409796566,9291.87937411759,2509.3996541416273,-3.3333755961084535,12.019939808699974,30.57404515781201,1963.0,28871383.0,24900.0,5134000.0,3312.8,21554.626,2490.0,7922435.0,169710.0,1944683.0
-7.354928908318357,83.25889612997707,18.33820430510059,80.71514101433422,-76314.07584283425,54702.060562349856,1759.798074364342,10343.24326928705,3622.8662157142535,-3.37917775665278,12.099403493339196,30.577764714926673,1964.0,29644875.0,25060.0,5271000.0,3330.1,25522.32,2506.0,7709919.0,168039.0,1907398.0
-7.027841596729274,72.89100178636727,19.410682770745552,80.71556229677662,-49532.09234006355,54727.40976801945,3143.821127754578,15435.02154477872,5444.930906646885,-4.261519791382739,12.136202548616666,30.60321689999529,1965.0,30433024.0,26720.0,5417000.0,3775.6,27641.846,2672.0,7330869.0,180424.0,1625595.0
-6.621192770065704,75.2376046214049,20.483829728662386,80.71598407679994,-44074.6815925128,54726.937946843915,4506.6949627433205,15767.593770858832,4646.291100859642,-3.6519111911079563,12.207834018467338,30.622303119754008,1966.0,31237597.0,27800.0,5580000.0,3565.5,26563.748,2780.0,7599374.0,174587.0,1817474.0
-6.149286901723485,77.74041459969885,21.315433582853075,80.71631082209205,-33801.80017367596,54730.968169564614,5477.065088809264,17647.345757087693,4911.0173276830465,-3.5628573179002387,12.252970970317733,30.62416202069312,1967.0,32056506.0,28010.0,5754000.0,3557.3,19677.122,2801.0,8258153.0,167128.0,1894358.0
-5.877090630292969,84.66350610805966,23.401364245451987,80.7171306850214,-37275.5657665473,54721.330197358504,4140.861656308611,17502.45400908962,4974.897861772217,-2.6683628313652434,12.419117720875533,30.597907803509145,1968.0,32881852.0,28010.0,6552000.0,3627.1,22904.082,2801.0,9178197.0,171265.0,2054000.0
-5.529200060332016,80.96838664369716,24.592623422251563,80.71759875090356,-25249.886475730687,54727.17048529594,5634.830573654472,19721.857101019472,6018.231419796124,-3.202934086869732,12.515970920196992,30.60426062600675,1969.0,33703127.0,28350.0,6949000.0,3716.6,19695.457,2835.0,8844202.0,172612.0,1920028.0
-5.311889712571315,79.1571251591231,26.898727007823254,80.71850497433479,-18888.709600809234,54729.26159964327,5478.609226918372,20777.6,7888.601,-3.565772352016097,12.672889588722796,30.652412502162406,1970.0,34513851.0,28430.0,7105000.0,3911.8,21686.638,2843.0,9214868.0,183984.0,1911633.0
-5.05853345941415,84.06499827512016,28.666768770570343,80.71919990614697,-20154.714728908788,54718.81207392085,5175.760764034727,20622.6,7987.274,-3.062821057014503,12.837381741287459,30.62145935562023,1971.0,35311905.0,28520.0,7240000.0,3911.5,23047.095,2852.0,9230264.0,185270.0,1927747.0
-4.86653926544551,89.0927899429953,30.5120736556255,80.71992520399363,-22179.993459757097,54706.952886646846,4870.525301421265,20403.8,8403.201,-2.7294219500593044,13.006450417732026,30.581613570253126,1972.0,36102670.0,28550.0,7370000.0,3951.3,25511.319,2855.0,9158169.0,188166.0,1894562.0
-4.60800791339193,95.19030842500797,33.15452608688065,80.72096384179895,-25887.02030232502,54691.58577302564,3497.638797295833,19836.8,8248.232,-1.8292488833360494,13.266836304513731,30.515516994197526,1973.0,36896551.0,28550.0,7475000.0,4080.0,23795.163,2855.0,9188050.0,195759.0,1880046.0
-4.204903716853437,95.77061631127435,33.60450380943075,80.72114062071341,-20178.08003635949,54694.14848934498,4575.814456121938,20781.7,8736.389000000001,-1.8785941512267073,13.281075370797566,30.567869798483514,1974.0,37708144.0,28430.0,7566000.0,3840.4,26123.708,2843.0,9177596.0,185723.0,2000390.0
-3.961500267738643,100.9428911319701,35.4841823875031,80.72187943141762,-22336.373185821867,54684.78628215671,3170.0036474929366,20993.1,9028.223,-1.1821906298166596,13.450943726448827,30.53451561173648,1975.0,38549133.0,28250.0,7833000.0,3978.1,31099.827,2825.0,9746719.0,191660.0,2043762.0
-3.567602440131111,104.44408658241446,36.56376217723846,80.72230375777144,-22838.699216314446,54678.49273082102,1777.6392106557614,21592.5,9215.215,-0.5371686844359829,13.592376345981506,30.540758445271763,1976.0,39422731.0,27300.0,7699588.0,3941.1,34495.469,2730.0,9723350.0,188129.0,2077889.0
-3.3821494972268624,108.58945759250491,37.864224369841395,80.72281496578216,-28847.67030814066,54660.54558681662,1448.6009536547936,21185.7,9508.103,-0.3671219656143876,13.802719331951835,30.49462135302167,1977.0,40329589.0,26350.0,7736236.0,3923.8,37865.442,2635.0,8970409.0,187404.0,1899889.0
-2.9963652565366488,113.58250269938435,39.75971196743376,80.7235599463529,-31219.395862736477,54653.411884263856,-957.0443266785587,21391.4,9852.699,0.5419796689085388,13.968051545022718,30.484903282970834,1978.0,41275728.0,25400.0,7789652.0,4019.3,39313.907,2540.0,9783363.0,190843.0,2043952.0
-2.718473559749043,116.31240368742147,40.930615771718294,80.72402019064612,-35404.841008690535,54641.37620278378,-1411.5307046278904,21161.2,10028.965,0.8431000491153782,14.123695525534572,30.472583659351926,1979.0,42267429.0,24470.0,7827668.0,3964.2,42947.904,2447.0,9738321.0,190124.0,2034056.0
-2.852736864013707,123.26569356003893,42.90158598503149,80.72479461456533,-34853.12713460569,54637.636857594945,-1583.7444189080852,20803.5,14060.081,-0.48352318240358727,14.09526594290378,30.449399109838055,1980.0,43309063.0,24450.0,7797570.0,4094.5,45239.779,2445.0,9688437.0,193864.0,1978165.0
-2.824196012864604,126.95680055420962,44.15299675953247,80.72528628874716,-33039.52604555547,54638.3105668769,-1316.8120797431911,21127.1,16566.988999999998,-1.2368635627773301,14.07799478553045,30.464013831190584,1981.0,44400113.0,24680.0,8514362.0,4100.5,50978.63400000001,2468.0,9730402.0,194224.0,2009210.0
-2.702088998626266,131.19057355522818,45.311455300869056,80.72574151322624,-33096.28275588469,54635.75192305539,-1998.3118995126279,21802.0,18119.934,-1.3975084220961662,14.129724302987029,30.45677030175011,1982.0,45539295.0,24452.4,9304000.0,4203.7,56523.138,2445.0,10149679.0,196195.0,2027218.0
-2.4637857804236205,135.79555354041804,46.84326055222482,80.72634360198572,-35711.83762897359,54626.360057438374,-3117.0768051673076,22093.3,17876.646,-0.6903492233668658,14.31713348597259,30.412485075927464,1983.0,46728284.0,24347.4,10160000.0,4321.1,57091.523,2434.0,10328493.0,200063.0,2013325.0
-2.1947639460241817,138.84429054320208,47.44080941872926,80.72657855740545,-37228.53561593765,54618.8828079314,-3804.5982653345563,22821.1,16894.659,0.21212941363717164,14.473797978405173,30.384885896317144,1984.0,47968643.0,24582.6,10787000.0,4347.5,63838.803,2458.0,9946867.0,199170.0,1944845.0
-1.98840299296171,139.36944718840823,49.097965340268274,80.72722986781446,-35762.490747854405,54613.319508517045,-4096.782196662942,23176.1,16994.076,0.4674442472787632,14.618702615552024,30.336928712340693,1985.0,49258726.0,24970.0,10804000.0,4539.2,63937.81200000001,2497.0,10102937.0,208785.0,1886100.0
-2.0205275053643845,142.38897368319158,49.98095558008936,80.72757683727832,-34457.03159524145,54613.24693901872,-4253.895136672596,23765.7,18603.875,0.09529768151855933,14.610360027692764,30.323965855653285,1986.0,50602360.0,25670.0,11196000.0,4696.2,74564.77799999999,2567.0,10384815.0,214968.0,1864080.0
-1.6666032892443923,140.72463337278168,51.67886902890859,80.72824413370108,-32977.39387475436,54612.440157746896,-5564.122436872014,24594.9,18463.042,0.7104843037139972,14.772370487788294,30.311724536555914,1987.0,51991696.0,25470.0,11804000.0,4891.6,74810.467,2547.0,11049802.0,225860.0,1930870.0
-1.4825780837182378,141.73791596353112,53.44111573101691,80.72893669160112,-32760.977445782366,54609.127806366305,-6125.82114988321,24796.3,18930.491,0.9171951951013853,14.903101677419272,30.285475491971795,1988.0,53399243.0,25810.0,12607000.0,5028.8,74531.775,2581.0,11186044.0,234320.0,1941599.0
-1.012117816912962,126.67655392175948,55.76699731913868,80.72985069134302,-22707.113908725092,54618.38263231644,-5395.493621622125,26028.4,19152.73,0.6155979843391606,15.027673274736799,30.308127097983004,1989.0,54788680.0,25710.0,12194000.0,5337.7,72181.228,2571.0,12917379.0,261404.0,2085271.0
-0.8328528593673354,141.20305727979576,57.28099715742246,80.73044617289997,-37856.28029584049,54592.47785200912,-9446.016340504604,24980.0,15510.0,3.761577336924802,15.305240209222575,30.175062789906008,1990.0,56134478.0,26480.0,12199000.0,5702.9,86820.0,2648.0,15134913.0,275382.0,2283426.0
-0.5711186234663046,143.78313949330186,58.12404805125698,80.73077725041367,-52587.46829491743,54591.909741720185,-7105.999776788638,27650.0,16060.0,3.8416666666666672,15.083333333333336,29.73333333333333,1991.0,57424552.0,26430.0,26713000.0,5613.0,89390.0,2643.0,16164056.0,270130.0,2470059.0
-2.1988489840184684,171.34222773608053,54.59948777468526,80.72939274812961,-38206.84612959034,54602.03054938279,-7815.835586360685,30130.0,15910.0,2.983333333333334,14.541666666666664,29.08333333333333,1992.0,58666812.0,29962.8,27442008.0,5898.5,92300.0,2945.0,17219045.0,284131.0,2477121.0
-0.6463468958148724,144.59734435615246,59.04289156716186,80.7311383557826,-27187.75897364672,54613.530006953515,-4541.864889055549,32350.0,16570.0,3.633333333333333,15.291666666666664,29.875,1993.0,59880656.0,30151.8,28695726.0,5995.1,91830.0,3000.0,17737468.0,286180.0,2495725.0
0.049909848429933845,138.80444444643217,58.60425854682035,80.73096588785847,-11766.24325613334,54623.43871529098,-2749.6329534587567,34550.0,15590.0,3.7083333333333335,15.325,29.95,1994.0,61095804.0,30126.6,26567971.0,5861.1,86430.0,3000.0,18068606.0,275327.0,2561268.0
0.5549493051198056,125.44954552255513,60.045908178135505,80.73153205974813,6226.921691689757,54645.113175405655,2703.1394993873837,36650.0,17170.0,2.075,15.125,29.991666666666664,1995.0,62334025.0,32830.0,27734500.0,5903.7,91870.0,3283.0,19290913.0,281552.0,2726636.0
0.8521485427183393,129.29019686554966,62.861612236292785,80.73263875932753,7849.911219095549,54641.76364900172,-1642.563939247164,38870.0,17510.0,2.341666666666667,15.45,30.08333333333333,1996.0,63601632.0,31764.6,27554000.0,6499.1,96770.0,3176.0,19807397.0,299181.0,2545317.0
1.3054971065939753,119.62042478786316,60.75415291605714,80.73181042854412,19949.581471690442,54655.43597903184,506.7993083768815,41530.0,17120.0,2.9583333333333326,14.966666666666663,29.59166666666667,1997.0,64892269.0,32449.2,28051420.0,6605.5,103960.0,3244.0,21726493.0,303633.0,2735816.0
1.4688478978142143,116.63533959664346,64.74645752102333,80.73337941531645,22638.87253709082,54657.121383955586,-1746.7635917562875,42590.0,17610.0,3.1666666666666665,15.85,30.266666666666666,1998.0,66200259.0,32596.2,28827000.0,6797.4,109270.0,3259.0,20948625.0,319301.0,2642833.0
-4.924336961965082,244.87423578317976,54.161151333129965,80.7292219351657,24108.679129088356,54655.17002659803,-18571.17521960687,45980.0,17680.0,2.041666666666667,15.775,30.4,1999.0,67515591.0,34830.0,28726000.0,7166.6,114670.0,3289.0,23280479.0,325259.0,2707099.0
2.37,103.9,63.569536398190394,80.73291651488398,49507.02633111604,45900.0,1630.0,48390.0,18420.0,3.108333333333334,15.016666666666667,29.50833333333333,2000.0,68831561.0,32910.0,29978000.0,7280.1,112860.0,3291.0,24107900.0,329459.0,2761724.0
2.43,105.6,65.01708636,77.82136905,53536.79574820696,46050.0,1040.0,48260.0,18710.0,2.075,15.733333333333334,30.30833333333333,2001.0,70152662.0,33380.0,27853051.0,7099.4,125010.0,3338.0,22047276.0,334566.0,2614460.0
2.45,107.2,65.85404239,78.70981853,58070.440568690276,47100.0,1070.0,49650.0,19410.0,2.7833333333333337,15.949999999999998,30.32500000000001,2002.0,71485044.0,34240.0,28227608.0,7445.6,127740.0,3422.0,24266668.0,344184.0,2712234.0
2.49,108.9,67.41073004,80.89013671,57914.0,47380.0,1080.0,49970.0,19820.0,2.2416666666666667,15.783333333333331,30.10833333333333,2003.0,72826102.0,34090.0,28347480.0,7515.4,131240.0,3402.0,24801497.0,346990.0,2751930.0
2.57,110.6,66.70045467,80.35801846,58764.0,49500.0,1090.0,50500.0,20980.0,2.708333333333333,15.691666666666668,30.125,2004.0,74172073.0,34780.0,28193051.0,7556.2,142690.0,3471.0,25060192.0,347142.0,2755787.0
2.68,112.3,66.00478491,80.13832663,58984.0,49900.0,1100.0,50700.0,20800.0,3.1166666666666667,15.65,30.1,2005.0,75523576.0,35230.0,26953079.0,7536.9,160590.0,3516.0,26509045.0,349541.0,2975160.0
2.8,114.0,65.77107776,79.9116559,59484.0,55100.0,2500.0,52150.0,21270.0,2.275,15.624999999999998,30.18333333333333,2006.0,76873670.0,35330.0,28343397.0,7500.2,169130.0,3526.0,27024015.0,342584.0,3002359.0
3.0,115.6,66.54461732,80.48641579999997,60504.0,50800.0,2350.0,53700.0,21550.0,2.358333333333333,15.733333333333333,30.30833333333333,2007.0,78232124.0,35380.0,30288778.0,7418.5,182230.0,3531.0,26186080.0,336899.0,2911543.0
3.17,117.3,66.25722894,79.22944088,63649.0,53000.0,2999.0,54750.0,22580.0,2.4666666666666663,16.0,30.68333333333333,2008.0,79636081.0,35420.0,30508486.0,7452.2,189120.0,3535.0,28581022.0,337217.0,3186032.0
3.28,119.0,69.15755664,83.01691942,64149.0,53000.0,2999.0,53600.0,23250.0,1.8833333333333333,15.766666666666667,30.575,2009.0,81134789.0,36890.0,29596801.0,7158.3,195490.0,3682.0,26439090.0,328856.0,3179076.0
3.4,120.7,70.66932482,82.92868659,62000.0,60500.0,1350.0,53530.0,23640.0,1.9583333333333333,17.124999999999996,31.79166666666667,2010.0,82761244.0,36710.0,29971724.0,6504.3,196500.0,3664.0,22352522.0,306064.0,2992580.0
3.78,122.4,64.63201565,78.51189627,63000.0,60900.0,1200.0,55070.0,23650.0,2.3666666666666667,15.458333333333336,30.025,2011.0,84529251.0,36200.0,29608799.0,7246.3,201610.0,3613.0,25799468.0,330089.0,3037991.0
4.1,124.0,67.45730021,80.99869598,63200.0,61500.0,1200.0,56000.0,22630.0,2.4916666666666667,16.083333333333332,30.71666666666667,2012.0,86422240.0,36960.0,29635463.0,7269.0,212410.0,3696.0,27698439.0,325026.0,3268112.0
4.2,122.7,67.77405788,81.77605076,62200.0,62100.0,1200.0,55670.0,22110.0,2.9333333333333336,15.908333333333337,30.68333333333333,2013.0,88404652.0,37309.7,29623300.0,7285.3,210430.0,3724.0,27941395.0,330250.0,3311233.0
4.28,121.3,66.69629118,80.88158289,62400.0,62350.0,1200.0,55880.0,21640.0,3.0,16.241666666666664,30.824999999999992,2014.0,90424668.0,37151.9,29221300.0,7085.1,216650.0,3708.0,26970359.0,325675.0,3291950.0
4.35,110.5646630237,66.41289789999999,79.80908962,62400.0,62350.0,2800.0,55570.0,21630.0,2.9250000000000003,15.975,30.675,2015.0,92442549.0,37898.771,29695000.0,7117.2,225950.0,3782.0,26354857.0,340259.0,3251394.0
4.44,110.1092896175,69.10568859,83.07276035,59616.2731832086,62150.0,1200.0,56310.0,22130.0,2.391666666666666,16.45,31.0,2016.0,94447071.0,37337.654,30095000.0,7248.9,233960.0,3726.0,26928364.0,344282.0,3225855.0
4.38,116.9398907104,66.61611851,80.19460445,71304.66536122642,54682.92525011487,1052.4699958005513,56050.0,22050.0,1.9416666666666669,15.808333333333332,30.566666666666663,2017.0,96442590.0,38359.688,24391708.0,7401.1,238690.0,3823.0,26230308.0,349995.0,3096519.0
4.58,116.9398907104,68.33877018,82.06891991,76218.5416158287,54688.87678994727,-5954.537942083174,56870.0,22320.0,4.258333333333334,16.683333333333334,31.275,2018.0,98423602.0,38359.688,21035261.0,7148.5,246260.0,3823.0,19646939.0,333154.0,2591258.0
4.4861407125229675,141.22577156663465,64.9577687,78.81049284,-769.8388532648969,54606.372452194104,-5654.838643113908,47486.13793752156,25593.59717158042,3.208333333333333,15.908333333333331,30.633333333333336,2019.0,100388076.0,30144.5691701385,22684965.0,6960.418509517804,298318.05336061306,3024.4160928830192,28587740.0,326939.0,3435314.0
4.587359850308928,142.22729965102917,69.39467654,85.07071822,-5957.984029818908,54582.45275169087,-9620.104970629065,40359.70281648543,27763.232491805218,3.233333333333333,15.85,30.383333333333336,2020.0,102334403.0,30160.47995417675,13076286.743350506,5860.787001789351,277168.0998355746,3028.0664178027587,15249370.176962465,288089.5453089196,2476881.7932907417
